 3.23037e-13
 7.84983e-13
 7.01341e-13
 5.22363e-13
 3.41825e-13
 1.93158e-13
 9.08105e-14
 4.11959e-14
 1.09758e-14
-1.18511e-15
 2.37927e-14
 1.36464e-12
   0.0178786
   0.0236201
   0.0218698
   0.0174081
   0.0122684
  0.00768977
  0.00418822
  0.00180117
 0.000537977
 2.75754e-15
 2.13503e-12
   0.0339627
   0.0538536
   0.0561961
   0.0486904
   0.0371021
   0.0250449
   0.0147562
  0.00718062
  0.00253216
 9.45848e-14
 3.01491e-12
   0.0518696
   0.0878059
    0.098495
   0.0915713
   0.0738098
   0.0522915
   0.0326051
   0.0168827
  0.00637461
 2.72599e-13
 4.26174e-12
   0.0740161
    0.130316
    0.154529
    0.151412
    0.128279
   0.0956117
   0.0619181
     0.03316
   0.0133794
 6.56142e-13
  6.0342e-12
    0.100849
    0.184636
    0.226194
    0.233184
    0.210835
    0.165048
    0.109974
   0.0614531
   0.0251288
 1.30433e-12
 6.06122e-12
    0.134871
     0.24789
    0.312758
    0.339385
    0.324269
    0.269615
    0.192548
    0.110354
   0.0446516
 2.24499e-12
 1.33011e-11
    0.191295
    0.331372
    0.426033
    0.465958
    0.470531
    0.433326
    0.342124
     0.20088
   0.0886293
 4.72528e-12
  2.2348e-11
    0.210754
    0.458836
     0.53555
    0.611931
    0.631691
    0.623849
     0.54263
    0.394591
    0.176682
 9.24549e-12
-6.80726e-11
    0.431626
    0.563069
     0.79955
    0.799854
    0.826274
    0.832189
     0.81948
    0.785367
    0.438081
 9.22234e-12
           1
           1
           1
           1
           1
           1
           1
           1
           1
           1
           1
 1.70037e-12
   0.0104904
  0.00563709
  0.00676284
 3.23957e-12
 3.07287e-12
     0.01119
  0.00878205
   0.0226569
 2.94763e-12
  0.00949178
  0.00808501
   0.0249703
 2.41884e-12
  0.00704631
  0.00625758
   0.0221615
 1.77498e-12
  0.00462724
  0.00428364
    0.017269
 1.16917e-12
   0.0026927
  0.00259105
    0.011922
 6.64911e-13
  0.00135868
  0.00134301
  0.00727336
 3.00357e-13
 0.000518243
 0.000603448
  0.00378063
 9.94832e-14
 0.000116716
 0.000182837
  0.00147814
 2.31009e-14
-2.90493e-14
 6.69417e-10
 0.000254705
    0.030523
   0.0135333
    0.011217
 6.04428e-12
   0.0412238
   0.0334435
   0.0455054
   0.0396161
    0.037807
    0.058376
   0.0324418
   0.0337301
   0.0568044
   0.0235014
   0.0261366
   0.0471064
   0.0151156
   0.0178979
   0.0346387
  0.00840782
   0.0108532
   0.0226422
  0.00375852
  0.00563747
    0.012605
  0.00110971
  0.00215368
  0.00557026
 3.30375e-14
 0.000493123
  0.00142725
   0.0495276
   0.0210518
   0.0168146
 9.13668e-12
   0.0739601
   0.0573699
   0.0705611
   0.0778612
   0.0728761
   0.0969076
   0.0686472
   0.0711138
    0.100594
   0.0530105
   0.0590457
   0.0886694
   0.0361276
    0.043443
   0.0687963
    0.021461
   0.0281731
   0.0467711
   0.0104998
   0.0156279
   0.0274364
  0.00350244
  0.00682484
   0.0131455
 1.75909e-13
  0.00184992
  0.00355743
   0.0731763
   0.0299329
   0.0215214
 1.31651e-11
    0.114894
   0.0865693
    0.102636
    0.128273
    0.116826
    0.146573
    0.120191
     0.12087
    0.159915
   0.0976823
    0.107219
     0.14898
   0.0696799
   0.0830353
    0.120437
   0.0433831
    0.055883
    0.085553
   0.0222054
   0.0328988
   0.0527454
  0.00788412
   0.0153256
   0.0258059
 5.37184e-13
  0.00414867
  0.00744259
    0.102107
   0.0401711
   0.0333735
 1.67089e-11
    0.165968
    0.123933
    0.143711
    0.194566
    0.171482
    0.207464
    0.191838
    0.188146
    0.239104
    0.164552
    0.176181
     0.23391
    0.123327
    0.142405
     0.20063
    0.079268
    0.101189
    0.150351
    0.041848
   0.0617516
   0.0941887
   0.0156476
   0.0289164
   0.0472848
 9.48137e-13
  0.00872596
   0.0151137
    0.136655
   0.0607016
   0.0434119
 2.53855e-11
    0.230522
    0.165617
    0.179946
     0.27762
    0.240992
    0.286128
    0.288206
    0.275787
    0.335606
    0.264149
    0.270555
    0.344304
    0.209194
    0.236307
    0.316684
    0.139813
    0.176946
    0.249061
   0.0766691
    0.108535
    0.163905
   0.0283466
   0.0540821
   0.0882271
 1.93962e-12
   0.0164991
   0.0255658
    0.188153
   0.0655125
   0.0268715
 3.38933e-11
     0.30618
    0.220175
    0.278214
    0.377734
    0.328841
    0.387604
    0.409506
    0.376324
    0.447883
    0.397242
    0.394759
    0.487232
    0.340809
    0.368987
    0.473118
    0.247926
    0.292301
    0.414248
    0.138991
    0.195836
    0.304996
    0.052128
    0.100723
     0.16326
 4.45727e-12
   0.0261161
   0.0485644
     0.24976
   0.0880219
    0.160315
 1.76016e-11
     0.40782
    0.336207
    0.345786
    0.506274
    0.417143
    0.451202
    0.547706
    0.510173
    0.604955
    0.558619
    0.542485
    0.629791
    0.528569
    0.531445
    0.642332
    0.433922
    0.482608
    0.616722
    0.264716
    0.370749
    0.512713
    0.107088
    0.180094
    0.310323
 4.90408e-12
     0.06001
     0.11615
    0.303793
    0.329934
    0.292579
 1.34446e-10
    0.583305
    0.290399
    0.173795
    0.645977
    0.599048
     0.87935
    0.713391
    0.655153
    0.800589
     0.73497
    0.694908
    0.819624
     0.73189
    0.710842
    0.859734
     0.67774
    0.707829
    0.846738
    0.543996
    0.601913
    0.839745
    0.245045
    0.405395
    0.729298
 1.62167e-11
    0.126032
    0.332183
    0.566026
   -0.397214
           1
 2.77195e-09
    0.741422
    0.768576
           1
    0.962549
    0.848813
           1
    0.914721
    0.882388
           1
    0.930393
    0.908853
           1
    0.936379
    0.922504
           1
    0.934986
    0.914978
           1
    0.943441
    0.901992
           1
    0.713671
    0.943125
           1
 1.43507e-10
    0.492652
           1
 5.14104e-13
 1.68849e-13
 1.07941e-13
 1.83013e-15
-6.94489e-14
-9.79457e-14
-8.31969e-14
-4.56794e-14
-1.87516e-14
 5.23059e-15
 2.98421e-24
 1.22628e-12
    0.006847
  0.00529633
  0.00292051
 0.000478443
 -0.00113797
 -0.00165925
 -0.00137604
-0.000819873
-0.000192965
-6.08315e-16
 1.91009e-12
   0.0112704
  0.00911703
  0.00459683
-0.000500638
 -0.00406555
 -0.00546039
 -0.00479538
 -0.00303582
 -0.00104388
-4.23808e-14
 2.70237e-12
   0.0166133
   0.0153715
   0.0101447
  0.00289476
  -0.0040302
 -0.00829964
 -0.00830705
 -0.00591767
 -0.00250506
-1.23663e-13
 3.42085e-12
   0.0227704
   0.0212526
   0.0170364
  0.00862639
 -0.00189034
 -0.00958304
  -0.0121408
   -0.010133
 -0.00439229
-2.78434e-13
 5.63401e-12
   0.0278157
   0.0274635
   0.0247669
   0.0163204
  0.00602556
 -0.00687424
  -0.0161461
  -0.0148057
 -0.00717531
-4.98333e-13
 5.46289e-12
   0.0352368
    0.034529
   0.0282671
    0.024282
   0.0158552
 -0.00190331
  -0.0151709
  -0.0208851
  -0.0131876
-8.79567e-13
 5.71554e-12
   0.0639478
   0.0353331
   0.0327219
   0.0307625
   0.0219461
   0.0169623
-0.000422008
  -0.0319364
  -0.0178548
-1.71567e-12
 3.91991e-11
   0.0489496
   0.0470638
   0.0363475
   0.0209946
   0.0217203
   0.0264738
  0.00190199
  -0.0168152
  -0.0359775
-3.11755e-12
 2.85951e-10
    0.373089
    0.140809
  0.00812911
   0.0302591
   0.0276962
   0.0202736
   0.0259635
    0.068123
  -0.0894125
-1.05919e-11
-1.45387e-09
 5.16885e-10
-3.64494e-11
-9.04957e-12
 7.87729e-12
-3.30321e-12
-1.94993e-12
-4.91566e-13
 1.59576e-12
-1.29104e-11
-1.57061e-11
 1.05753e-12
  0.00318645
  0.00431218
  0.00759642
 3.73591e-13
 4.77462e-13
  0.00353672
  0.00353954
  0.00779885
 1.02486e-13
  0.00267054
  0.00254065
   0.0053574
 -2.2905e-13
  0.00166474
  0.00118249
  0.00221005
-3.98906e-13
 0.000875022
 0.000169172
-0.000385999
-3.95193e-13
 0.000359482
-0.000347576
 -0.00175761
-2.95199e-13
 0.000125464
-0.000482693
 -0.00191607
-1.55437e-13
 4.30925e-05
-0.000338235
 -0.00137211
 -4.8813e-14
 4.30645e-05
-0.000129191
-0.000647731
-4.31852e-14
 4.46111e-14
 1.06944e-05
-7.87548e-05
  0.00384241
  0.00907234
   0.0119879
 3.99737e-13
  0.00311106
  0.00936685
   0.0123596
 0.000758097
   0.0059572
  0.00811481
 -0.00174471
  0.00189413
   0.0023157
 -0.00322607
 -0.00147536
 -0.00282313
 -0.00336431
 -0.00335666
 -0.00569679
 -0.00248625
 -0.00348655
 -0.00608505
 -0.00134918
 -0.00248922
 -0.00459092
-0.000235249
 -0.00129499
 -0.00240365
-1.89246e-14
-0.000223338
-0.000546489
  0.00631144
   0.0138938
    0.016852
 3.70846e-13
  0.00757461
   0.0154032
   0.0189108
  0.00465592
    0.011219
   0.0151685
-3.75248e-05
  0.00466901
  0.00770271
  -0.0038625
 -0.00204058
-0.000447836
 -0.00563354
  -0.0062635
 -0.00695091
 -0.00493911
  -0.0073484
 -0.00958707
 -0.00302905
 -0.00601556
 -0.00806152
-0.000740791
 -0.00347421
 -0.00478714
-5.01872e-14
-0.000795268
 -0.00141261
  0.00836334
   0.0196111
   0.0228462
 1.87933e-13
   0.0107533
   0.0222171
   0.0258778
  0.00846461
   0.0187253
    0.022074
  0.00302909
   0.0106426
   0.0149931
 -0.00337202
  0.00134857
  0.00434386
 -0.00764769
  -0.0066744
 -0.00651993
 -0.00774334
     -0.0112
  -0.0125919
 -0.00541491
  -0.0101998
  -0.0127086
 -0.00147492
 -0.00638566
 -0.00849726
-8.83456e-14
 -0.00201141
 -0.00250429
   0.0100492
   0.0240335
   0.0311117
 2.75946e-13
    0.013429
   0.0302079
    0.031136
   0.0136326
   0.0261491
   0.0301702
  0.00869397
   0.0188234
   0.0235438
 0.000715526
  0.00804425
   0.0126952
 -0.00674865
 -0.00546879
-4.84953e-05
  -0.0101267
  -0.0140154
  -0.0131108
 -0.00823072
  -0.0149348
  -0.0184506
 -0.00204069
  -0.0113012
   -0.012976
-8.09382e-14
 -0.00348871
 -0.00448754
  0.00903827
   0.0389854
   0.0351666
-4.52576e-13
   0.0153367
   0.0380621
   0.0414908
   0.0166711
   0.0334515
   0.0361925
   0.0137301
   0.0286623
   0.0284447
  0.00806506
   0.0169925
   0.0233508
 -0.00298995
  0.00392591
   0.0101313
  -0.0115163
  -0.0106752
  -0.0096622
  -0.0108972
  -0.0215618
  -0.0217031
 -0.00334999
  -0.0173297
  -0.0205572
-1.77096e-13
 -0.00537904
 -0.00931998
   0.0180924
   0.0437799
   0.0620995
-5.27834e-13
   0.0161541
   0.0394507
   0.0603797
   0.0161874
   0.0418599
   0.0330321
   0.0178157
   0.0316961
   0.0372077
   0.0159204
   0.0255919
   0.0283924
  0.00638601
   0.0164519
   0.0208728
 -0.00412316
 -0.00882467
  0.00994824
   -0.014767
  -0.0259572
  -0.0157622
 -0.00443714
  -0.0250191
  -0.0362851
 9.29464e-14
  -0.0128419
  -0.0111088
   0.0202483
   0.0320477
    0.151186
 1.55235e-11
  0.00934872
   0.0943596
   0.0355551
   0.0138534
   0.0472703
   0.0653123
   0.0151363
   0.0363853
   0.0246402
   0.0132306
   0.0363053
   0.0246785
   0.0167448
   0.0243898
   0.0254355
  0.00765949
   0.0176601
   0.0241575
  -0.0189109
 0.000487431
 -0.00307146
 -0.00324376
  -0.0467736
  -0.0374668
 6.55573e-13
  -0.0163668
  -0.0319514
   0.0483072
    0.317792
    0.382612
 6.22849e-11
   0.0412795
   0.0828679
    0.365267
   0.0123772
    0.021783
   0.0222465
  0.00979842
   0.0336924
   0.0195406
    0.011011
   0.0194624
   0.0347611
   0.0229856
   0.0165756
   0.0210849
    0.013964
   0.0299546
   0.0207702
   0.0229537
 -0.00763751
   0.0350808
  -0.0216492
  -0.0548801
   0.0367996
-4.90411e-13
  -0.0374977
   -0.124225
    0.515463
     1.99996
 1.67595e-09
-9.76957e-10
   0.0201149
    0.169371
-1.98939e-10
    -0.04026
    0.180877
 2.26188e-11
  0.00366882
    0.033345
 2.42473e-11
-0.000981233
   0.0393897
-1.04923e-11
 -0.00347132
   0.0449685
 4.35465e-13
  -0.0128904
   0.0290074
 3.59902e-12
   0.0480698
   0.0373794
-3.91934e-12
  -0.0377158
    0.130997
-1.60804e-11
 1.93309e-11
   -0.140148
 5.47318e-11
   -0.100428
    0.134915
    0.168582
    0.161549
    0.139768
    0.110527
   0.0697953
   0.0355253
   0.0146974
  0.00136943
   0.0142756
   -0.323645
   -0.204032
   -0.192456
   -0.136277
  -0.0758759
  -0.0379429
  -0.0120489
  0.00769533
  0.00473095
  0.00496146
 -0.00315397
   -0.525213
   -0.272473
   -0.156232
  -0.0443432
  0.00276977
   0.0438979
   0.0708058
   0.0590695
   0.0340835
    0.033365
 -0.00370789
   -0.740747
   -0.445985
   -0.292769
   -0.172497
  -0.0600928
   0.0594942
   0.0734852
   0.0841573
   0.0811538
   0.0593127
  -0.0123424
    -1.23965
   -0.562673
   -0.444796
    -0.29408
  -0.0719908
 -0.00629662
   0.0838582
    0.206318
    0.116927
    0.102185
   0.0253735
    -1.13537
   -0.631373
   -0.789808
   -0.305651
   -0.232578
  -0.0272054
    0.309021
    0.243229
    0.173516
    0.301524
 -0.00115145
    -1.83387
    -2.09911
    -0.62394
   -0.595859
   -0.564658
   0.0238583
    -0.14092
   0.0981515
    0.599273
    0.311694
  -0.0464755
    -5.99209
    0.872776
    -0.49282
     -1.3553
   0.0506755
   -0.341927
   -0.118503
      1.3176
    0.527935
    0.476889
    0.582623
     8.65844
    -2.01884
    -6.85892
    0.675082
    -1.29043
    -1.34851
    0.243782
    -1.06596
    -1.21732
     2.90407
   -0.360085
    -3.54663
    -32.4316
     14.9112
    -1.04001
    -1.06336
     1.38962
    0.464973
     -1.1639
     5.57363
     1.77303
   0.0779619
    -872.324
     133.246
    -27.3541
     -15.392
     2.37719
    -4.21171
    -3.87193
    -1.43481
    -2.75519
     -16.249
     19.6076

