# Sparse Matrix (Morse)  
# first line: n m (is symmetic) nbcoef 
# after for each nonzero coefficient:   i j a_ij where (i,j) \in  {1,...,n}x{1,...,m} 
22 22 0  386
        1         1 1.0000000000000000199e+30
        1         2 0
        1         3 -0.16666666666666662966
        1         4 -0.66666666666666651864
        1         5 0
        1         6 -0.66666666666666651864
        1         7 0
        1         8 0.16666666666666657415
        1         9 0
        1        10 -6.9388939039072283776e-18
        1        11 5.5511151231257827021e-17
        1        12 0
        1        13 0.16666666666666665741
        1        14 0
        1        15 1.7347234759768070944e-17
        2         1 0
        2         2 1.0000000000000000199e+30
        2         3 0.16666666666666662966
        2         4 0
        2         5 -0.66666666666666651864
        2         6 0
        2         7 -0.66666666666666651864
        2         8 0
        2         9 0.16666666666666657415
        2        10 6.9388939039072283776e-18
        2        11 0
        2        12 5.5511151231257827021e-17
        2        13 0
        2        14 0.16666666666666665741
        2        15 -1.7347234759768070944e-17
        3         1 -0.16666666666666662966
        3         2 0.16666666666666662966
        3         3 -8.3333333333333333092e-07
        3         4 0.1666666666666666019
        3         5 0.16666666666666671293
        3         6 -0.16666666666666665741
        3         7 -0.16666666666666662966
        3         8 5.42101086242752217e-17
        3         9 0
        3        10 -4.1666666666666677134e-07
        3        11 0.16666666666666665741
        3        12 -0.16666666666666671293
        3        13 0
        3        14 1.6913553890773869171e-17
        3        15 -4.1666666666666666546e-07
        4         1 -0.66666666666666640761
        4         2 0
        4         3 0.1666666666666666019
        4         4 1.0000000000000000199e+30
        4         5 0
        4         6 2.7755575615628913511e-16
        4         7 0
        4         8 -0.66666666666666662966
        4         9 0
        4        10 -0.16666666666666671293
        4        11 -1.3333333333333339255
        4        12 0
        4        13 -1.3877787807814456755e-17
        4        14 0
        4        15 -7.6327832942979512154e-17
        5         1 0
        5         2 -0.66666666666666640761
        5         3 0.16666666666666674068
        5         4 0
        5         5 1.0000000000000000199e+30
        5         6 0
        5         7 2.7755575615628913511e-16
        5         8 0
        5         9 -0.66666666666666662966
        5        10 0.33333333333333342585
        5        11 0
        5        12 -1.3333333333333339255
        5        13 0
        5        14 -1.3877787807814456755e-17
        5        15 0.16666666666666671293
        6         1 -0.66666666666666651864
        6         2 0
        6         3 -0.16666666666666665741
        6         4 2.7755575615628913511e-16
        6         5 0
        6         6 1.0000000000000000199e+30
        6         7 0
        6         8 -2.2204460492503130808e-16
        6         9 0
        6        10 -0.16666666666666668517
        6        11 -1.3333333333333332593
        6        12 0
        6        13 -0.66666666666666651864
        6        14 0
        6        15 -0.33333333333333331483
        7         1 0
        7         2 -0.66666666666666651864
        7         3 -0.16666666666666665741
        7         4 0
        7         5 2.7755575615628913511e-16
        7         6 0
        7         7 1.0000000000000000199e+30
        7         8 0
        7         9 -2.2204460492503130808e-16
        7        10 0
        7        11 0
        7        12 -1.3333333333333332593
        7        13 0
        7        14 -0.66666666666666651864
        7        15 0.16666666666666665741
        8         1 0.1666666666666666019
        8         2 0
        8         3 5.8546917314217239436e-17
        8         4 -0.66666666666666662966
        8         5 0
        8         6 -2.3592239273284576484e-16
        8         7 0
        8         8 1.0000000000000000199e+30
        8         9 0
        8        10 0.16666666666666668517
        8        11 4.7011006198971472259e-16
        8        12 0
        8        13 0
        8        14 0
        8        15 5.898059818321144121e-17
        8        16 0.1666666666666666019
        8        17 0
        8        18 0
        8        19 -0.66666666666666662966
        8        20 0
        8        21 -2.3418766925686895775e-16
        8        22 0
        9         1 0
        9         2 0.1666666666666666019
        9         3 0
        9         4 0
        9         5 -0.66666666666666662966
        9         6 0
        9         7 -2.3592239273284576484e-16
        9         8 0
        9         9 1.0000000000000000199e+30
        9        10 0.16666666666666668517
        9        11 0
        9        12 4.7011006198971472259e-16
        9        13 0
        9        14 0
        9        15 5.8546917314217239436e-17
        9        16 0
        9        17 0.1666666666666666019
        9        18 5.898059818321144121e-17
        9        19 0
        9        20 -0.66666666666666662966
        9        21 0
        9        22 -2.3418766925686895775e-16
       10         1 -6.9388939039072283776e-18
       10         2 6.9388939039072283776e-18
       10         3 -4.1666666666666677134e-07
       10         4 -0.16666666666666671293
       10         5 0.33333333333333342585
       10         6 -0.16666666666666671293
       10         7 -6.9388939039072283776e-18
       10         8 0.16666666666666668517
       10         9 0.16666666666666668517
       10        10 -1.6666666666666670853e-06
       10        11 -0.16666666666666671293
       10        12 -0.16666666666666668517
       10        13 -6.9388939039072283776e-18
       10        14 -3.4694469519536141888e-18
       10        15 -8.3333333333333354267e-07
       10        16 3.4694469519536141888e-18
       10        17 -3.4694469519536141888e-18
       10        18 -4.1666666666666677134e-07
       10        19 0.33333333333333342585
       10        20 -0.16666666666666671293
       10        21 6.9388939039072283776e-18
       10        22 -0.16666666666666674068
       11         1 6.9388939039072283776e-17
       11         2 0
       11         3 0.16666666666666665741
       11         4 -1.3333333333333339255
       11         5 0
       11         6 -1.3333333333333330373
       11         7 0
       11         8 4.3888503942213219489e-16
       11         9 0
       11        10 -0.16666666666666674068
       11        11 5.3333333333333339255
       11        12 0
       11        13 4.1633363423443370266e-17
       11        14 0
       11        15 0.16666666666666657415
       11        16 3.9898639947466563171e-17
       11        17 0
       11        18 -0.16666666666666671293
       11        19 -1.3333333333333339255
       11        20 0
       11        21 -1.3333333333333332593
       11        22 0
       12         1 0
       12         2 6.9388939039072283776e-17
       12         3 -0.16666666666666674068
       12         4 0
       12         5 -1.3333333333333339255
       12         6 0
       12         7 -1.3333333333333330373
       12         8 0
       12         9 4.3888503942213219489e-16
       12        10 -0.16666666666666671293
       12        11 0
       12        12 5.3333333333333339255
       12        13 0
       12        14 4.1633363423443370266e-17
       12        15 0.1666666666666666019
       12        16 0
       12        17 3.9898639947466563171e-17
       12        18 0.16666666666666665741
       12        19 0
       12        20 -1.3333333333333339255
       12        21 0
       12        22 -1.3333333333333332593
       13         1 0.16666666666666665741
       13         2 0
       13         3 0
       13         4 -1.3877787807814456755e-17
       13         5 0
       13         6 -0.66666666666666651864
       13         7 0
       13         8 0
       13         9 0
       13        10 -6.9388939039072283776e-18
       13        11 4.1633363423443370266e-17
       13        12 0
       13        13 1.0000000000000000199e+30
       13        14 0
       13        15 -0.16666666666666662966
       13        16 0.16666666666666665741
       13        17 0
       13        18 1.7347234759768070944e-17
       13        19 -2.7755575615628913511e-17
       13        20 0
       13        21 -0.66666666666666651864
       13        22 0
       14         1 0
       14         2 0.16666666666666665741
       14         3 1.6479873021779667397e-17
       14         4 0
       14         5 -1.3877787807814456755e-17
       14         6 0
       14         7 -0.66666666666666651864
       14         8 0
       14         9 0
       14        10 -3.4694469519536141888e-18
       14        11 0
       14        12 4.1633363423443370266e-17
       14        13 0
       14        14 1.0000000000000000199e+30
       14        15 -0.16666666666666662966
       14        16 0
       14        17 0.16666666666666665741
       14        18 0
       14        19 0
       14        20 -2.7755575615628913511e-17
       14        21 0
       14        22 -0.66666666666666651864
       15         1 1.3877787807814456755e-17
       15         2 -1.3877787807814456755e-17
       15         3 -4.1666666666666666546e-07
       15         4 -7.6327832942979512154e-17
       15         5 0.16666666666666668517
       15         6 -0.33333333333333331483
       15         7 0.16666666666666662966
       15         8 5.5511151231257827021e-17
       15         9 5.42101086242752217e-17
       15        10 -8.3333333333333354267e-07
       15        11 0.1666666666666666019
       15        12 0.16666666666666662966
       15        13 -0.16666666666666662966
       15        14 -0.16666666666666662966
       15        15 -1.6666666666666666618e-06
       15        16 -1.6913553890773869171e-17
       15        17 1.6913553890773869171e-17
       15        18 -4.1666666666666666546e-07
       15        19 0.16666666666666671293
       15        20 -8.5022218655169372911e-17
       15        21 0.16666666666666662966
       15        22 -0.33333333333333331483
       16         8 0.16666666666666657415
       16         9 0
       16        10 3.4694469519536141888e-18
       16        11 5.2041704279304212832e-17
       16        12 0
       16        13 0.16666666666666665741
       16        14 0
       16        15 -1.6479873021779667397e-17
       16        16 1.0000000000000000199e+30
       16        17 0
       16        18 0.16666666666666662966
       16        19 -0.66666666666666640761
       16        20 0
       16        21 -0.66666666666666662966
       16        22 0
       17         8 0
       17         9 0.16666666666666657415
       17        10 -3.4694469519536141888e-18
       17        11 0
       17        12 5.2041704279304212832e-17
       17        13 0
       17        14 0.16666666666666665741
       17        15 1.6479873021779667397e-17
       17        16 0
       17        17 1.0000000000000000199e+30
       17        18 -0.16666666666666662966
       17        19 0
       17        20 -0.66666666666666640761
       17        21 0
       17        22 -0.66666666666666662966
       18         8 0
       18         9 5.5511151231257827021e-17
       18        10 -4.1666666666666677134e-07
       18        11 -0.16666666666666668517
       18        12 0.16666666666666665741
       18        13 1.3877787807814456755e-17
       18        14 0
       18        15 -4.1666666666666666546e-07
       18        16 0.16666666666666662966
       18        17 -0.16666666666666662966
       18        18 -8.3333333333333333092e-07
       18        19 0.16666666666666668517
       18        20 0.1666666666666666019
       18        21 -0.16666666666666662966
       18        22 -0.16666666666666665741
       19         8 -0.66666666666666662966
       19         9 0
       19        10 0.33333333333333342585
       19        11 -1.3333333333333339255
       19        12 0
       19        13 -2.7755575615628913511e-17
       19        14 0
       19        15 0.16666666666666674068
       19        16 -0.66666666666666640761
       19        17 0
       19        18 0.16666666666666671293
       19        19 1.0000000000000000199e+30
       19        20 0
       19        21 3.4008887462067749164e-16
       19        22 0
       20         8 0
       20         9 -0.66666666666666662966
       20        10 -0.16666666666666671293
       20        11 0
       20        12 -1.3333333333333339255
       20        13 0
       20        14 -2.7755575615628913511e-17
       20        15 -7.8083324751262144533e-17
       20        16 0
       20        17 -0.66666666666666640761
       20        18 0.1666666666666666019
       20        19 0
       20        20 1.0000000000000000199e+30
       20        21 0
       20        22 3.4008887462067749164e-16
       21         8 -2.168404344971008868e-16
       21         9 0
       21        10 0
       21        11 -1.3333333333333332593
       21        12 0
       21        13 -0.66666666666666651864
       21        14 0
       21        15 0.16666666666666665741
       21        16 -0.66666666666666662966
       21        17 0
       21        18 -0.16666666666666665741
       21        19 3.4008887462067749164e-16
       21        20 0
       21        21 1.0000000000000000199e+30
       21        22 0
       22         8 0
       22         9 -2.168404344971008868e-16
       22        10 -0.16666666666666671293
       22        11 0
       22        12 -1.3333333333333332593
       22        13 0
       22        14 -0.66666666666666651864
       22        15 -0.33333333333333331483
       22        16 0
       22        17 -0.66666666666666662966
       22        18 -0.16666666666666665741
       22        19 0
       22        20 3.4008887462067749164e-16
       22        21 0
       22        22 1.0000000000000000199e+30
