0	0	1e+30
0	1	0.166667
0	41	0.166667
0	1681	-0.666667
0	1685	-0.666667
0	13122	0.00416667

1	0	0.166667
1	1	1e+30
1	2	0.166667
1	42	0.333333
1	1681	-0.666667
1	1682	-1.33333
1	1686	-0.666667

2	1	0.166667
2	2	1e+30
2	3	0.166667
2	43	0.333333
2	1686	-0.666667
2	1687	-1.33333
2	1690	-0.666667

3	2	0.166667
3	3	1e+30
3	4	0.166667
3	44	0.333333
3	1690	-0.666667
3	1691	-1.33333
3	1694	-0.666667

4	3	0.166667
4	4	1e+30
4	5	0.166667
4	45	0.333333
4	1694	-0.666667
4	1695	-1.33333
4	1698	-0.666667

5	4	0.166667
5	5	1e+30
5	6	0.166667
5	46	0.333333
5	1698	-0.666667
5	1699	-1.33333
5	1702	-0.666667

6	5	0.166667
6	6	1e+30
6	7	0.166667
6	47	0.333333
6	1702	-0.666667
6	1703	-1.33333
6	1706	-0.666667

7	6	0.166667
7	7	1e+30
7	8	0.166667
7	48	0.333333
7	1706	-0.666667
7	1707	-1.33333
7	1710	-0.666667

8	7	0.166667
8	8	1e+30
8	9	0.166667
8	49	0.333333
8	1710	-0.666667
8	1711	-1.33333
8	1714	-0.666667

9	8	0.166667
9	9	1e+30
9	10	0.166667
9	50	0.333333
9	1714	-0.666667
9	1715	-1.33333
9	1718	-0.666667

10	9	0.166667
10	10	1e+30
10	11	0.166667
10	51	0.333333
10	1718	-0.666667
10	1719	-1.33333
10	1722	-0.666667

11	10	0.166667
11	11	1e+30
11	12	0.166667
11	52	0.333333
11	1722	-0.666667
11	1723	-1.33333
11	1726	-0.666667

12	11	0.166667
12	12	1e+30
12	13	0.166667
12	53	0.333333
12	1726	-0.666667
12	1727	-1.33333
12	1730	-0.666667

13	12	0.166667
13	13	1e+30
13	14	0.166667
13	54	0.333333
13	1730	-0.666667
13	1731	-1.33333
13	1734	-0.666667

14	13	0.166667
14	14	1e+30
14	15	0.166667
14	55	0.333333
14	1734	-0.666667
14	1735	-1.33333
14	1738	-0.666667

15	14	0.166667
15	15	1e+30
15	16	0.166667
15	56	0.333333
15	1738	-0.666667
15	1739	-1.33333
15	1742	-0.666667

16	15	0.166667
16	16	1e+30
16	17	0.166667
16	57	0.333333
16	1742	-0.666667
16	1743	-1.33333
16	1746	-0.666667

17	16	0.166667
17	17	1e+30
17	18	0.166667
17	58	0.333333
17	1746	-0.666667
17	1747	-1.33333
17	1750	-0.666667

18	17	0.166667
18	18	1e+30
18	19	0.166667
18	59	0.333333
18	1750	-0.666667
18	1751	-1.33333
18	1754	-0.666667

19	18	0.166667
19	19	1e+30
19	20	0.166667
19	60	0.333333
19	1754	-0.666667
19	1755	-1.33333
19	1758	-0.666667

20	19	0.166667
20	20	1e+30
20	21	0.166667
20	61	0.333333
20	1758	-0.666667
20	1759	-1.33333
20	1762	-0.666667

21	20	0.166667
21	21	1e+30
21	22	0.166667
21	62	0.333333
21	1762	-0.666667
21	1763	-1.33333
21	1766	-0.666667

22	21	0.166667
22	22	1e+30
22	23	0.166667
22	63	0.333333
22	1766	-0.666667
22	1767	-1.33333
22	1770	-0.666667

23	22	0.166667
23	23	1e+30
23	24	0.166667
23	64	0.333333
23	1770	-0.666667
23	1771	-1.33333
23	1774	-0.666667

24	23	0.166667
24	24	1e+30
24	25	0.166667
24	65	0.333333
24	1774	-0.666667
24	1775	-1.33333
24	1778	-0.666667

25	24	0.166667
25	25	1e+30
25	26	0.166667
25	66	0.333333
25	1778	-0.666667
25	1779	-1.33333
25	1782	-0.666667

26	25	0.166667
26	26	1e+30
26	27	0.166667
26	67	0.333333
26	1782	-0.666667
26	1783	-1.33333
26	1786	-0.666667

27	26	0.166667
27	27	1e+30
27	28	0.166667
27	68	0.333333
27	1786	-0.666667
27	1787	-1.33333
27	1790	-0.666667

28	27	0.166667
28	28	1e+30
28	29	0.166667
28	69	0.333333
28	1790	-0.666667
28	1791	-1.33333
28	1794	-0.666667

29	28	0.166667
29	29	1e+30
29	30	0.166667
29	70	0.333333
29	1794	-0.666667
29	1795	-1.33333
29	1798	-0.666667

30	29	0.166667
30	30	1e+30
30	31	0.166667
30	71	0.333333
30	1798	-0.666667
30	1799	-1.33333
30	1802	-0.666667

31	30	0.166667
31	31	1e+30
31	32	0.166667
31	72	0.333333
31	1802	-0.666667
31	1803	-1.33333
31	1806	-0.666667

32	31	0.166667
32	32	1e+30
32	33	0.166667
32	73	0.333333
32	1806	-0.666667
32	1807	-1.33333
32	1810	-0.666667

33	32	0.166667
33	33	1e+30
33	34	0.166667
33	74	0.333333
33	1810	-0.666667
33	1811	-1.33333
33	1814	-0.666667

34	33	0.166667
34	34	1e+30
34	35	0.166667
34	75	0.333333
34	1814	-0.666667
34	1815	-1.33333
34	1818	-0.666667

35	34	0.166667
35	35	1e+30
35	36	0.166667
35	76	0.333333
35	1818	-0.666667
35	1819	-1.33333
35	1822	-0.666667

36	35	0.166667
36	36	1e+30
36	37	0.166667
36	77	0.333333
36	1822	-0.666667
36	1823	-1.33333
36	1826	-0.666667

37	36	0.166667
37	37	1e+30
37	38	0.166667
37	78	0.333333
37	1826	-0.666667
37	1827	-1.33333
37	1830	-0.666667

38	37	0.166667
38	38	1e+30
38	39	0.166667
38	79	0.333333
38	1830	-0.666667
38	1831	-1.33333
38	1834	-0.666667

39	38	0.166667
39	39	1e+30
39	40	0.166667
39	80	0.333333
39	1834	-0.666667
39	1835	-1.33333
39	1838	-0.666667

40	39	0.166667
40	40	1e+30
40	81	0.166667
40	1838	-0.666667
40	1839	-0.666667
40	13162	-0.00416667

41	0	0.166667
41	41	1e+30
41	42	0.333333
41	82	0.166667
41	1684	-1.33333
41	1685	-0.666667
41	1845	-0.666667
41	13163	0.00833333

42	1	0.333333
42	41	0.333333
42	42	4
42	43	0.333333
42	83	0.333333
42	1682	-1.33333
42	1684	-1.33333
42	1689	-1.33333
42	1842	-1.33333

43	2	0.333333
43	42	0.333333
43	43	4
43	44	0.333333
43	84	0.333333
43	1687	-1.33333
43	1689	-1.33333
43	1693	-1.33333
43	1846	-1.33333

44	3	0.333333
44	43	0.333333
44	44	4
44	45	0.333333
44	85	0.333333
44	1691	-1.33333
44	1693	-1.33333
44	1697	-1.33333
44	1849	-1.33333

45	4	0.333333
45	44	0.333333
45	45	4
45	46	0.333333
45	86	0.333333
45	1695	-1.33333
45	1697	-1.33333
45	1701	-1.33333
45	1852	-1.33333

46	5	0.333333
46	45	0.333333
46	46	4
46	47	0.333333
46	87	0.333333
46	1699	-1.33333
46	1701	-1.33333
46	1705	-1.33333
46	1855	-1.33333

47	6	0.333333
47	46	0.333333
47	47	4
47	48	0.333333
47	88	0.333333
47	1703	-1.33333
47	1705	-1.33333
47	1709	-1.33333
47	1858	-1.33333

48	7	0.333333
48	47	0.333333
48	48	4
48	49	0.333333
48	89	0.333333
48	1707	-1.33333
48	1709	-1.33333
48	1713	-1.33333
48	1861	-1.33333

49	8	0.333333
49	48	0.333333
49	49	4
49	50	0.333333
49	90	0.333333
49	1711	-1.33333
49	1713	-1.33333
49	1717	-1.33333
49	1864	-1.33333

50	9	0.333333
50	49	0.333333
50	50	4
50	51	0.333333
50	91	0.333333
50	1715	-1.33333
50	1717	-1.33333
50	1721	-1.33333
50	1867	-1.33333

51	10	0.333333
51	50	0.333333
51	51	4
51	52	0.333333
51	92	0.333333
51	1719	-1.33333
51	1721	-1.33333
51	1725	-1.33333
51	1870	-1.33333

52	11	0.333333
52	51	0.333333
52	52	4
52	53	0.333333
52	93	0.333333
52	1723	-1.33333
52	1725	-1.33333
52	1729	-1.33333
52	1873	-1.33333

53	12	0.333333
53	52	0.333333
53	53	4
53	54	0.333333
53	94	0.333333
53	1727	-1.33333
53	1729	-1.33333
53	1733	-1.33333
53	1876	-1.33333

54	13	0.333333
54	53	0.333333
54	54	4
54	55	0.333333
54	95	0.333333
54	1731	-1.33333
54	1733	-1.33333
54	1737	-1.33333
54	1879	-1.33333

55	14	0.333333
55	54	0.333333
55	55	4
55	56	0.333333
55	96	0.333333
55	1735	-1.33333
55	1737	-1.33333
55	1741	-1.33333
55	1882	-1.33333

56	15	0.333333
56	55	0.333333
56	56	4
56	57	0.333333
56	97	0.333333
56	1739	-1.33333
56	1741	-1.33333
56	1745	-1.33333
56	1885	-1.33333

57	16	0.333333
57	56	0.333333
57	57	4
57	58	0.333333
57	98	0.333333
57	1743	-1.33333
57	1745	-1.33333
57	1749	-1.33333
57	1888	-1.33333

58	17	0.333333
58	57	0.333333
58	58	4
58	59	0.333333
58	99	0.333333
58	1747	-1.33333
58	1749	-1.33333
58	1753	-1.33333
58	1891	-1.33333

59	18	0.333333
59	58	0.333333
59	59	4
59	60	0.333333
59	100	0.333333
59	1751	-1.33333
59	1753	-1.33333
59	1757	-1.33333
59	1894	-1.33333

60	19	0.333333
60	59	0.333333
60	60	4
60	61	0.333333
60	101	0.333333
60	1755	-1.33333
60	1757	-1.33333
60	1761	-1.33333
60	1897	-1.33333

61	20	0.333333
61	60	0.333333
61	61	4
61	62	0.333333
61	102	0.333333
61	1759	-1.33333
61	1761	-1.33333
61	1765	-1.33333
61	1900	-1.33333

62	21	0.333333
62	61	0.333333
62	62	4
62	63	0.333333
62	103	0.333333
62	1763	-1.33333
62	1765	-1.33333
62	1769	-1.33333
62	1903	-1.33333

63	22	0.333333
63	62	0.333333
63	63	4
63	64	0.333333
63	104	0.333333
63	1767	-1.33333
63	1769	-1.33333
63	1773	-1.33333
63	1906	-1.33333

64	23	0.333333
64	63	0.333333
64	64	4
64	65	0.333333
64	105	0.333333
64	1771	-1.33333
64	1773	-1.33333
64	1777	-1.33333
64	1909	-1.33333

65	24	0.333333
65	64	0.333333
65	65	4
65	66	0.333333
65	106	0.333333
65	1775	-1.33333
65	1777	-1.33333
65	1781	-1.33333
65	1912	-1.33333

66	25	0.333333
66	65	0.333333
66	66	4
66	67	0.333333
66	107	0.333333
66	1779	-1.33333
66	1781	-1.33333
66	1785	-1.33333
66	1915	-1.33333

67	26	0.333333
67	66	0.333333
67	67	4
67	68	0.333333
67	108	0.333333
67	1783	-1.33333
67	1785	-1.33333
67	1789	-1.33333
67	1918	-1.33333

68	27	0.333333
68	67	0.333333
68	68	4
68	69	0.333333
68	109	0.333333
68	1787	-1.33333
68	1789	-1.33333
68	1793	-1.33333
68	1921	-1.33333

69	28	0.333333
69	68	0.333333
69	69	4
69	70	0.333333
69	110	0.333333
69	1791	-1.33333
69	1793	-1.33333
69	1797	-1.33333
69	1924	-1.33333

70	29	0.333333
70	69	0.333333
70	70	4
70	71	0.333333
70	111	0.333333
70	1795	-1.33333
70	1797	-1.33333
70	1801	-1.33333
70	1927	-1.33333

71	30	0.333333
71	70	0.333333
71	71	4
71	72	0.333333
71	112	0.333333
71	1799	-1.33333
71	1801	-1.33333
71	1805	-1.33333
71	1930	-1.33333

72	31	0.333333
72	71	0.333333
72	72	4
72	73	0.333333
72	113	0.333333
72	1803	-1.33333
72	1805	-1.33333
72	1809	-1.33333
72	1933	-1.33333

73	32	0.333333
73	72	0.333333
73	73	4
73	74	0.333333
73	114	0.333333
73	1807	-1.33333
73	1809	-1.33333
73	1813	-1.33333
73	1936	-1.33333

74	33	0.333333
74	73	0.333333
74	74	4
74	75	0.333333
74	115	0.333333
74	1811	-1.33333
74	1813	-1.33333
74	1817	-1.33333
74	1939	-1.33333

75	34	0.333333
75	74	0.333333
75	75	4
75	76	0.333333
75	116	0.333333
75	1815	-1.33333
75	1817	-1.33333
75	1821	-1.33333
75	1942	-1.33333

76	35	0.333333
76	75	0.333333
76	76	4
76	77	0.333333
76	117	0.333333
76	1819	-1.33333
76	1821	-1.33333
76	1825	-1.33333
76	1945	-1.33333

77	36	0.333333
77	76	0.333333
77	77	4
77	78	0.333333
77	118	0.333333
77	1823	-1.33333
77	1825	-1.33333
77	1829	-1.33333
77	1948	-1.33333

78	37	0.333333
78	77	0.333333
78	78	4
78	79	0.333333
78	119	0.333333
78	1827	-1.33333
78	1829	-1.33333
78	1833	-1.33333
78	1951	-1.33333

79	38	0.333333
79	78	0.333333
79	79	4
79	80	0.333333
79	120	0.333333
79	1831	-1.33333
79	1833	-1.33333
79	1837	-1.33333
79	1954	-1.33333

80	39	0.333333
80	79	0.333333
80	80	4
80	81	0.333333
80	121	0.333333
80	1835	-1.33333
80	1837	-1.33333
80	1841	-1.33333
80	1957	-1.33333

81	40	0.166667
81	80	0.333333
81	81	1e+30
81	122	0.166667
81	1839	-0.666667
81	1841	-1.33333
81	1960	-0.666667
81	13203	-0.00833333

82	41	0.166667
82	82	1e+30
82	83	0.333333
82	123	0.166667
82	1844	-1.33333
82	1845	-0.666667
82	1966	-0.666667
82	13204	0.00833333

83	42	0.333333
83	82	0.333333
83	83	4
83	84	0.333333
83	124	0.333333
83	1842	-1.33333
83	1844	-1.33333
83	1848	-1.33333
83	1963	-1.33333

84	43	0.333333
84	83	0.333333
84	84	4
84	85	0.333333
84	125	0.333333
84	1846	-1.33333
84	1848	-1.33333
84	1851	-1.33333
84	1967	-1.33333

85	44	0.333333
85	84	0.333333
85	85	4
85	86	0.333333
85	126	0.333333
85	1849	-1.33333
85	1851	-1.33333
85	1854	-1.33333
85	1970	-1.33333

86	45	0.333333
86	85	0.333333
86	86	4
86	87	0.333333
86	127	0.333333
86	1852	-1.33333
86	1854	-1.33333
86	1857	-1.33333
86	1973	-1.33333

87	46	0.333333
87	86	0.333333
87	87	4
87	88	0.333333
87	128	0.333333
87	1855	-1.33333
87	1857	-1.33333
87	1860	-1.33333
87	1976	-1.33333

88	47	0.333333
88	87	0.333333
88	88	4
88	89	0.333333
88	129	0.333333
88	1858	-1.33333
88	1860	-1.33333
88	1863	-1.33333
88	1979	-1.33333

89	48	0.333333
89	88	0.333333
89	89	4
89	90	0.333333
89	130	0.333333
89	1861	-1.33333
89	1863	-1.33333
89	1866	-1.33333
89	1982	-1.33333

90	49	0.333333
90	89	0.333333
90	90	4
90	91	0.333333
90	131	0.333333
90	1864	-1.33333
90	1866	-1.33333
90	1869	-1.33333
90	1985	-1.33333

91	50	0.333333
91	90	0.333333
91	91	4
91	92	0.333333
91	132	0.333333
91	1867	-1.33333
91	1869	-1.33333
91	1872	-1.33333
91	1988	-1.33333

92	51	0.333333
92	91	0.333333
92	92	4
92	93	0.333333
92	133	0.333333
92	1870	-1.33333
92	1872	-1.33333
92	1875	-1.33333
92	1991	-1.33333

93	52	0.333333
93	92	0.333333
93	93	4
93	94	0.333333
93	134	0.333333
93	1873	-1.33333
93	1875	-1.33333
93	1878	-1.33333
93	1994	-1.33333

94	53	0.333333
94	93	0.333333
94	94	4
94	95	0.333333
94	135	0.333333
94	1876	-1.33333
94	1878	-1.33333
94	1881	-1.33333
94	1997	-1.33333

95	54	0.333333
95	94	0.333333
95	95	4
95	96	0.333333
95	136	0.333333
95	1879	-1.33333
95	1881	-1.33333
95	1884	-1.33333
95	2000	-1.33333

96	55	0.333333
96	95	0.333333
96	96	4
96	97	0.333333
96	137	0.333333
96	1882	-1.33333
96	1884	-1.33333
96	1887	-1.33333
96	2003	-1.33333

97	56	0.333333
97	96	0.333333
97	97	4
97	98	0.333333
97	138	0.333333
97	1885	-1.33333
97	1887	-1.33333
97	1890	-1.33333
97	2006	-1.33333

98	57	0.333333
98	97	0.333333
98	98	4
98	99	0.333333
98	139	0.333333
98	1888	-1.33333
98	1890	-1.33333
98	1893	-1.33333
98	2009	-1.33333

99	58	0.333333
99	98	0.333333
99	99	4
99	100	0.333333
99	140	0.333333
99	1891	-1.33333
99	1893	-1.33333
99	1896	-1.33333
99	2012	-1.33333

100	59	0.333333
100	99	0.333333
100	100	4
100	101	0.333333
100	141	0.333333
100	1894	-1.33333
100	1896	-1.33333
100	1899	-1.33333
100	2015	-1.33333

101	60	0.333333
101	100	0.333333
101	101	4
101	102	0.333333
101	142	0.333333
101	1897	-1.33333
101	1899	-1.33333
101	1902	-1.33333
101	2018	-1.33333

102	61	0.333333
102	101	0.333333
102	102	4
102	103	0.333333
102	143	0.333333
102	1900	-1.33333
102	1902	-1.33333
102	1905	-1.33333
102	2021	-1.33333

103	62	0.333333
103	102	0.333333
103	103	4
103	104	0.333333
103	144	0.333333
103	1903	-1.33333
103	1905	-1.33333
103	1908	-1.33333
103	2024	-1.33333

104	63	0.333333
104	103	0.333333
104	104	4
104	105	0.333333
104	145	0.333333
104	1906	-1.33333
104	1908	-1.33333
104	1911	-1.33333
104	2027	-1.33333

105	64	0.333333
105	104	0.333333
105	105	4
105	106	0.333333
105	146	0.333333
105	1909	-1.33333
105	1911	-1.33333
105	1914	-1.33333
105	2030	-1.33333

106	65	0.333333
106	105	0.333333
106	106	4
106	107	0.333333
106	147	0.333333
106	1912	-1.33333
106	1914	-1.33333
106	1917	-1.33333
106	2033	-1.33333

107	66	0.333333
107	106	0.333333
107	107	4
107	108	0.333333
107	148	0.333333
107	1915	-1.33333
107	1917	-1.33333
107	1920	-1.33333
107	2036	-1.33333

108	67	0.333333
108	107	0.333333
108	108	4
108	109	0.333333
108	149	0.333333
108	1918	-1.33333
108	1920	-1.33333
108	1923	-1.33333
108	2039	-1.33333

109	68	0.333333
109	108	0.333333
109	109	4
109	110	0.333333
109	150	0.333333
109	1921	-1.33333
109	1923	-1.33333
109	1926	-1.33333
109	2042	-1.33333

110	69	0.333333
110	109	0.333333
110	110	4
110	111	0.333333
110	151	0.333333
110	1924	-1.33333
110	1926	-1.33333
110	1929	-1.33333
110	2045	-1.33333

111	70	0.333333
111	110	0.333333
111	111	4
111	112	0.333333
111	152	0.333333
111	1927	-1.33333
111	1929	-1.33333
111	1932	-1.33333
111	2048	-1.33333

112	71	0.333333
112	111	0.333333
112	112	4
112	113	0.333333
112	153	0.333333
112	1930	-1.33333
112	1932	-1.33333
112	1935	-1.33333
112	2051	-1.33333

113	72	0.333333
113	112	0.333333
113	113	4
113	114	0.333333
113	154	0.333333
113	1933	-1.33333
113	1935	-1.33333
113	1938	-1.33333
113	2054	-1.33333

114	73	0.333333
114	113	0.333333
114	114	4
114	115	0.333333
114	155	0.333333
114	1936	-1.33333
114	1938	-1.33333
114	1941	-1.33333
114	2057	-1.33333

115	74	0.333333
115	114	0.333333
115	115	4
115	116	0.333333
115	156	0.333333
115	1939	-1.33333
115	1941	-1.33333
115	1944	-1.33333
115	2060	-1.33333

116	75	0.333333
116	115	0.333333
116	116	4
116	117	0.333333
116	157	0.333333
116	1942	-1.33333
116	1944	-1.33333
116	1947	-1.33333
116	2063	-1.33333

117	76	0.333333
117	116	0.333333
117	117	4
117	118	0.333333
117	158	0.333333
117	1945	-1.33333
117	1947	-1.33333
117	1950	-1.33333
117	2066	-1.33333

118	77	0.333333
118	117	0.333333
118	118	4
118	119	0.333333
118	159	0.333333
118	1948	-1.33333
118	1950	-1.33333
118	1953	-1.33333
118	2069	-1.33333

119	78	0.333333
119	118	0.333333
119	119	4
119	120	0.333333
119	160	0.333333
119	1951	-1.33333
119	1953	-1.33333
119	1956	-1.33333
119	2072	-1.33333

120	79	0.333333
120	119	0.333333
120	120	4
120	121	0.333333
120	161	0.333333
120	1954	-1.33333
120	1956	-1.33333
120	1959	-1.33333
120	2075	-1.33333

121	80	0.333333
121	120	0.333333
121	121	4
121	122	0.333333
121	162	0.333333
121	1957	-1.33333
121	1959	-1.33333
121	1962	-1.33333
121	2078	-1.33333

122	81	0.166667
122	121	0.333333
122	122	1e+30
122	163	0.166667
122	1960	-0.666667
122	1962	-1.33333
122	2081	-0.666667
122	13244	-0.00833333

123	82	0.166667
123	123	1e+30
123	124	0.333333
123	164	0.166667
123	1965	-1.33333
123	1966	-0.666667
123	2087	-0.666667
123	13245	0.00833333

124	83	0.333333
124	123	0.333333
124	124	4
124	125	0.333333
124	165	0.333333
124	1963	-1.33333
124	1965	-1.33333
124	1969	-1.33333
124	2084	-1.33333

125	84	0.333333
125	124	0.333333
125	125	4
125	126	0.333333
125	166	0.333333
125	1967	-1.33333
125	1969	-1.33333
125	1972	-1.33333
125	2088	-1.33333

126	85	0.333333
126	125	0.333333
126	126	4
126	127	0.333333
126	167	0.333333
126	1970	-1.33333
126	1972	-1.33333
126	1975	-1.33333
126	2091	-1.33333

127	86	0.333333
127	126	0.333333
127	127	4
127	128	0.333333
127	168	0.333333
127	1973	-1.33333
127	1975	-1.33333
127	1978	-1.33333
127	2094	-1.33333

128	87	0.333333
128	127	0.333333
128	128	4
128	129	0.333333
128	169	0.333333
128	1976	-1.33333
128	1978	-1.33333
128	1981	-1.33333
128	2097	-1.33333

129	88	0.333333
129	128	0.333333
129	129	4
129	130	0.333333
129	170	0.333333
129	1979	-1.33333
129	1981	-1.33333
129	1984	-1.33333
129	2100	-1.33333

130	89	0.333333
130	129	0.333333
130	130	4
130	131	0.333333
130	171	0.333333
130	1982	-1.33333
130	1984	-1.33333
130	1987	-1.33333
130	2103	-1.33333

131	90	0.333333
131	130	0.333333
131	131	4
131	132	0.333333
131	172	0.333333
131	1985	-1.33333
131	1987	-1.33333
131	1990	-1.33333
131	2106	-1.33333

132	91	0.333333
132	131	0.333333
132	132	4
132	133	0.333333
132	173	0.333333
132	1988	-1.33333
132	1990	-1.33333
132	1993	-1.33333
132	2109	-1.33333

133	92	0.333333
133	132	0.333333
133	133	4
133	134	0.333333
133	174	0.333333
133	1991	-1.33333
133	1993	-1.33333
133	1996	-1.33333
133	2112	-1.33333

134	93	0.333333
134	133	0.333333
134	134	4
134	135	0.333333
134	175	0.333333
134	1994	-1.33333
134	1996	-1.33333
134	1999	-1.33333
134	2115	-1.33333

135	94	0.333333
135	134	0.333333
135	135	4
135	136	0.333333
135	176	0.333333
135	1997	-1.33333
135	1999	-1.33333
135	2002	-1.33333
135	2118	-1.33333

136	95	0.333333
136	135	0.333333
136	136	4
136	137	0.333333
136	177	0.333333
136	2000	-1.33333
136	2002	-1.33333
136	2005	-1.33333
136	2121	-1.33333

137	96	0.333333
137	136	0.333333
137	137	4
137	138	0.333333
137	178	0.333333
137	2003	-1.33333
137	2005	-1.33333
137	2008	-1.33333
137	2124	-1.33333

138	97	0.333333
138	137	0.333333
138	138	4
138	139	0.333333
138	179	0.333333
138	2006	-1.33333
138	2008	-1.33333
138	2011	-1.33333
138	2127	-1.33333

139	98	0.333333
139	138	0.333333
139	139	4
139	140	0.333333
139	180	0.333333
139	2009	-1.33333
139	2011	-1.33333
139	2014	-1.33333
139	2130	-1.33333

140	99	0.333333
140	139	0.333333
140	140	4
140	141	0.333333
140	181	0.333333
140	2012	-1.33333
140	2014	-1.33333
140	2017	-1.33333
140	2133	-1.33333

141	100	0.333333
141	140	0.333333
141	141	4
141	142	0.333333
141	182	0.333333
141	2015	-1.33333
141	2017	-1.33333
141	2020	-1.33333
141	2136	-1.33333

142	101	0.333333
142	141	0.333333
142	142	4
142	143	0.333333
142	183	0.333333
142	2018	-1.33333
142	2020	-1.33333
142	2023	-1.33333
142	2139	-1.33333

143	102	0.333333
143	142	0.333333
143	143	4
143	144	0.333333
143	184	0.333333
143	2021	-1.33333
143	2023	-1.33333
143	2026	-1.33333
143	2142	-1.33333

144	103	0.333333
144	143	0.333333
144	144	4
144	145	0.333333
144	185	0.333333
144	2024	-1.33333
144	2026	-1.33333
144	2029	-1.33333
144	2145	-1.33333

145	104	0.333333
145	144	0.333333
145	145	4
145	146	0.333333
145	186	0.333333
145	2027	-1.33333
145	2029	-1.33333
145	2032	-1.33333
145	2148	-1.33333

146	105	0.333333
146	145	0.333333
146	146	4
146	147	0.333333
146	187	0.333333
146	2030	-1.33333
146	2032	-1.33333
146	2035	-1.33333
146	2151	-1.33333

147	106	0.333333
147	146	0.333333
147	147	4
147	148	0.333333
147	188	0.333333
147	2033	-1.33333
147	2035	-1.33333
147	2038	-1.33333
147	2154	-1.33333

148	107	0.333333
148	147	0.333333
148	148	4
148	149	0.333333
148	189	0.333333
148	2036	-1.33333
148	2038	-1.33333
148	2041	-1.33333
148	2157	-1.33333

149	108	0.333333
149	148	0.333333
149	149	4
149	150	0.333333
149	190	0.333333
149	2039	-1.33333
149	2041	-1.33333
149	2044	-1.33333
149	2160	-1.33333

150	109	0.333333
150	149	0.333333
150	150	4
150	151	0.333333
150	191	0.333333
150	2042	-1.33333
150	2044	-1.33333
150	2047	-1.33333
150	2163	-1.33333

151	110	0.333333
151	150	0.333333
151	151	4
151	152	0.333333
151	192	0.333333
151	2045	-1.33333
151	2047	-1.33333
151	2050	-1.33333
151	2166	-1.33333

152	111	0.333333
152	151	0.333333
152	152	4
152	153	0.333333
152	193	0.333333
152	2048	-1.33333
152	2050	-1.33333
152	2053	-1.33333
152	2169	-1.33333

153	112	0.333333
153	152	0.333333
153	153	4
153	154	0.333333
153	194	0.333333
153	2051	-1.33333
153	2053	-1.33333
153	2056	-1.33333
153	2172	-1.33333

154	113	0.333333
154	153	0.333333
154	154	4
154	155	0.333333
154	195	0.333333
154	2054	-1.33333
154	2056	-1.33333
154	2059	-1.33333
154	2175	-1.33333

155	114	0.333333
155	154	0.333333
155	155	4
155	156	0.333333
155	196	0.333333
155	2057	-1.33333
155	2059	-1.33333
155	2062	-1.33333
155	2178	-1.33333

156	115	0.333333
156	155	0.333333
156	156	4
156	157	0.333333
156	197	0.333333
156	2060	-1.33333
156	2062	-1.33333
156	2065	-1.33333
156	2181	-1.33333

157	116	0.333333
157	156	0.333333
157	157	4
157	158	0.333333
157	198	0.333333
157	2063	-1.33333
157	2065	-1.33333
157	2068	-1.33333
157	2184	-1.33333

158	117	0.333333
158	157	0.333333
158	158	4
158	159	0.333333
158	199	0.333333
158	2066	-1.33333
158	2068	-1.33333
158	2071	-1.33333
158	2187	-1.33333

159	118	0.333333
159	158	0.333333
159	159	4
159	160	0.333333
159	200	0.333333
159	2069	-1.33333
159	2071	-1.33333
159	2074	-1.33333
159	2190	-1.33333

160	119	0.333333
160	159	0.333333
160	160	4
160	161	0.333333
160	201	0.333333
160	2072	-1.33333
160	2074	-1.33333
160	2077	-1.33333
160	2193	-1.33333

161	120	0.333333
161	160	0.333333
161	161	4
161	162	0.333333
161	202	0.333333
161	2075	-1.33333
161	2077	-1.33333
161	2080	-1.33333
161	2196	-1.33333

162	121	0.333333
162	161	0.333333
162	162	4
162	163	0.333333
162	203	0.333333
162	2078	-1.33333
162	2080	-1.33333
162	2083	-1.33333
162	2199	-1.33333

163	122	0.166667
163	162	0.333333
163	163	1e+30
163	204	0.166667
163	2081	-0.666667
163	2083	-1.33333
163	2202	-0.666667
163	13285	-0.00833333

164	123	0.166667
164	164	1e+30
164	165	0.333333
164	205	0.166667
164	2086	-1.33333
164	2087	-0.666667
164	2208	-0.666667
164	13286	0.00833333

165	124	0.333333
165	164	0.333333
165	165	4
165	166	0.333333
165	206	0.333333
165	2084	-1.33333
165	2086	-1.33333
165	2090	-1.33333
165	2205	-1.33333

166	125	0.333333
166	165	0.333333
166	166	4
166	167	0.333333
166	207	0.333333
166	2088	-1.33333
166	2090	-1.33333
166	2093	-1.33333
166	2209	-1.33333

167	126	0.333333
167	166	0.333333
167	167	4
167	168	0.333333
167	208	0.333333
167	2091	-1.33333
167	2093	-1.33333
167	2096	-1.33333
167	2212	-1.33333

168	127	0.333333
168	167	0.333333
168	168	4
168	169	0.333333
168	209	0.333333
168	2094	-1.33333
168	2096	-1.33333
168	2099	-1.33333
168	2215	-1.33333

169	128	0.333333
169	168	0.333333
169	169	4
169	170	0.333333
169	210	0.333333
169	2097	-1.33333
169	2099	-1.33333
169	2102	-1.33333
169	2218	-1.33333

170	129	0.333333
170	169	0.333333
170	170	4
170	171	0.333333
170	211	0.333333
170	2100	-1.33333
170	2102	-1.33333
170	2105	-1.33333
170	2221	-1.33333

171	130	0.333333
171	170	0.333333
171	171	4
171	172	0.333333
171	212	0.333333
171	2103	-1.33333
171	2105	-1.33333
171	2108	-1.33333
171	2224	-1.33333

172	131	0.333333
172	171	0.333333
172	172	4
172	173	0.333333
172	213	0.333333
172	2106	-1.33333
172	2108	-1.33333
172	2111	-1.33333
172	2227	-1.33333

173	132	0.333333
173	172	0.333333
173	173	4
173	174	0.333333
173	214	0.333333
173	2109	-1.33333
173	2111	-1.33333
173	2114	-1.33333
173	2230	-1.33333

174	133	0.333333
174	173	0.333333
174	174	4
174	175	0.333333
174	215	0.333333
174	2112	-1.33333
174	2114	-1.33333
174	2117	-1.33333
174	2233	-1.33333

175	134	0.333333
175	174	0.333333
175	175	4
175	176	0.333333
175	216	0.333333
175	2115	-1.33333
175	2117	-1.33333
175	2120	-1.33333
175	2236	-1.33333

176	135	0.333333
176	175	0.333333
176	176	4
176	177	0.333333
176	217	0.333333
176	2118	-1.33333
176	2120	-1.33333
176	2123	-1.33333
176	2239	-1.33333

177	136	0.333333
177	176	0.333333
177	177	4
177	178	0.333333
177	218	0.333333
177	2121	-1.33333
177	2123	-1.33333
177	2126	-1.33333
177	2242	-1.33333

178	137	0.333333
178	177	0.333333
178	178	4
178	179	0.333333
178	219	0.333333
178	2124	-1.33333
178	2126	-1.33333
178	2129	-1.33333
178	2245	-1.33333

179	138	0.333333
179	178	0.333333
179	179	4
179	180	0.333333
179	220	0.333333
179	2127	-1.33333
179	2129	-1.33333
179	2132	-1.33333
179	2248	-1.33333

180	139	0.333333
180	179	0.333333
180	180	4
180	181	0.333333
180	221	0.333333
180	2130	-1.33333
180	2132	-1.33333
180	2135	-1.33333
180	2251	-1.33333

181	140	0.333333
181	180	0.333333
181	181	4
181	182	0.333333
181	222	0.333333
181	2133	-1.33333
181	2135	-1.33333
181	2138	-1.33333
181	2254	-1.33333

182	141	0.333333
182	181	0.333333
182	182	4
182	183	0.333333
182	223	0.333333
182	2136	-1.33333
182	2138	-1.33333
182	2141	-1.33333
182	2257	-1.33333

183	142	0.333333
183	182	0.333333
183	183	4
183	184	0.333333
183	224	0.333333
183	2139	-1.33333
183	2141	-1.33333
183	2144	-1.33333
183	2260	-1.33333

184	143	0.333333
184	183	0.333333
184	184	4
184	185	0.333333
184	225	0.333333
184	2142	-1.33333
184	2144	-1.33333
184	2147	-1.33333
184	2263	-1.33333

185	144	0.333333
185	184	0.333333
185	185	4
185	186	0.333333
185	226	0.333333
185	2145	-1.33333
185	2147	-1.33333
185	2150	-1.33333
185	2266	-1.33333

186	145	0.333333
186	185	0.333333
186	186	4
186	187	0.333333
186	227	0.333333
186	2148	-1.33333
186	2150	-1.33333
186	2153	-1.33333
186	2269	-1.33333

187	146	0.333333
187	186	0.333333
187	187	4
187	188	0.333333
187	228	0.333333
187	2151	-1.33333
187	2153	-1.33333
187	2156	-1.33333
187	2272	-1.33333

188	147	0.333333
188	187	0.333333
188	188	4
188	189	0.333333
188	229	0.333333
188	2154	-1.33333
188	2156	-1.33333
188	2159	-1.33333
188	2275	-1.33333

189	148	0.333333
189	188	0.333333
189	189	4
189	190	0.333333
189	230	0.333333
189	2157	-1.33333
189	2159	-1.33333
189	2162	-1.33333
189	2278	-1.33333

190	149	0.333333
190	189	0.333333
190	190	4
190	191	0.333333
190	231	0.333333
190	2160	-1.33333
190	2162	-1.33333
190	2165	-1.33333
190	2281	-1.33333

191	150	0.333333
191	190	0.333333
191	191	4
191	192	0.333333
191	232	0.333333
191	2163	-1.33333
191	2165	-1.33333
191	2168	-1.33333
191	2284	-1.33333

192	151	0.333333
192	191	0.333333
192	192	4
192	193	0.333333
192	233	0.333333
192	2166	-1.33333
192	2168	-1.33333
192	2171	-1.33333
192	2287	-1.33333

193	152	0.333333
193	192	0.333333
193	193	4
193	194	0.333333
193	234	0.333333
193	2169	-1.33333
193	2171	-1.33333
193	2174	-1.33333
193	2290	-1.33333

194	153	0.333333
194	193	0.333333
194	194	4
194	195	0.333333
194	235	0.333333
194	2172	-1.33333
194	2174	-1.33333
194	2177	-1.33333
194	2293	-1.33333

195	154	0.333333
195	194	0.333333
195	195	4
195	196	0.333333
195	236	0.333333
195	2175	-1.33333
195	2177	-1.33333
195	2180	-1.33333
195	2296	-1.33333

196	155	0.333333
196	195	0.333333
196	196	4
196	197	0.333333
196	237	0.333333
196	2178	-1.33333
196	2180	-1.33333
196	2183	-1.33333
196	2299	-1.33333

197	156	0.333333
197	196	0.333333
197	197	4
197	198	0.333333
197	238	0.333333
197	2181	-1.33333
197	2183	-1.33333
197	2186	-1.33333
197	2302	-1.33333

198	157	0.333333
198	197	0.333333
198	198	4
198	199	0.333333
198	239	0.333333
198	2184	-1.33333
198	2186	-1.33333
198	2189	-1.33333
198	2305	-1.33333

199	158	0.333333
199	198	0.333333
199	199	4
199	200	0.333333
199	240	0.333333
199	2187	-1.33333
199	2189	-1.33333
199	2192	-1.33333
199	2308	-1.33333

200	159	0.333333
200	199	0.333333
200	200	4
200	201	0.333333
200	241	0.333333
200	2190	-1.33333
200	2192	-1.33333
200	2195	-1.33333
200	2311	-1.33333

201	160	0.333333
201	200	0.333333
201	201	4
201	202	0.333333
201	242	0.333333
201	2193	-1.33333
201	2195	-1.33333
201	2198	-1.33333
201	2314	-1.33333

202	161	0.333333
202	201	0.333333
202	202	4
202	203	0.333333
202	243	0.333333
202	2196	-1.33333
202	2198	-1.33333
202	2201	-1.33333
202	2317	-1.33333

203	162	0.333333
203	202	0.333333
203	203	4
203	204	0.333333
203	244	0.333333
203	2199	-1.33333
203	2201	-1.33333
203	2204	-1.33333
203	2320	-1.33333

204	163	0.166667
204	203	0.333333
204	204	1e+30
204	245	0.166667
204	2202	-0.666667
204	2204	-1.33333
204	2323	-0.666667
204	13326	-0.00833333

205	164	0.166667
205	205	1e+30
205	206	0.333333
205	246	0.166667
205	2207	-1.33333
205	2208	-0.666667
205	2329	-0.666667
205	13327	0.00833333

206	165	0.333333
206	205	0.333333
206	206	4
206	207	0.333333
206	247	0.333333
206	2205	-1.33333
206	2207	-1.33333
206	2211	-1.33333
206	2326	-1.33333

207	166	0.333333
207	206	0.333333
207	207	4
207	208	0.333333
207	248	0.333333
207	2209	-1.33333
207	2211	-1.33333
207	2214	-1.33333
207	2330	-1.33333

208	167	0.333333
208	207	0.333333
208	208	4
208	209	0.333333
208	249	0.333333
208	2212	-1.33333
208	2214	-1.33333
208	2217	-1.33333
208	2333	-1.33333

209	168	0.333333
209	208	0.333333
209	209	4
209	210	0.333333
209	250	0.333333
209	2215	-1.33333
209	2217	-1.33333
209	2220	-1.33333
209	2336	-1.33333

210	169	0.333333
210	209	0.333333
210	210	4
210	211	0.333333
210	251	0.333333
210	2218	-1.33333
210	2220	-1.33333
210	2223	-1.33333
210	2339	-1.33333

211	170	0.333333
211	210	0.333333
211	211	4
211	212	0.333333
211	252	0.333333
211	2221	-1.33333
211	2223	-1.33333
211	2226	-1.33333
211	2342	-1.33333

212	171	0.333333
212	211	0.333333
212	212	4
212	213	0.333333
212	253	0.333333
212	2224	-1.33333
212	2226	-1.33333
212	2229	-1.33333
212	2345	-1.33333

213	172	0.333333
213	212	0.333333
213	213	4
213	214	0.333333
213	254	0.333333
213	2227	-1.33333
213	2229	-1.33333
213	2232	-1.33333
213	2348	-1.33333

214	173	0.333333
214	213	0.333333
214	214	4
214	215	0.333333
214	255	0.333333
214	2230	-1.33333
214	2232	-1.33333
214	2235	-1.33333
214	2351	-1.33333

215	174	0.333333
215	214	0.333333
215	215	4
215	216	0.333333
215	256	0.333333
215	2233	-1.33333
215	2235	-1.33333
215	2238	-1.33333
215	2354	-1.33333

216	175	0.333333
216	215	0.333333
216	216	4
216	217	0.333333
216	257	0.333333
216	2236	-1.33333
216	2238	-1.33333
216	2241	-1.33333
216	2357	-1.33333

217	176	0.333333
217	216	0.333333
217	217	4
217	218	0.333333
217	258	0.333333
217	2239	-1.33333
217	2241	-1.33333
217	2244	-1.33333
217	2360	-1.33333

218	177	0.333333
218	217	0.333333
218	218	4
218	219	0.333333
218	259	0.333333
218	2242	-1.33333
218	2244	-1.33333
218	2247	-1.33333
218	2363	-1.33333

219	178	0.333333
219	218	0.333333
219	219	4
219	220	0.333333
219	260	0.333333
219	2245	-1.33333
219	2247	-1.33333
219	2250	-1.33333
219	2366	-1.33333

220	179	0.333333
220	219	0.333333
220	220	4
220	221	0.333333
220	261	0.333333
220	2248	-1.33333
220	2250	-1.33333
220	2253	-1.33333
220	2369	-1.33333

221	180	0.333333
221	220	0.333333
221	221	4
221	222	0.333333
221	262	0.333333
221	2251	-1.33333
221	2253	-1.33333
221	2256	-1.33333
221	2372	-1.33333

222	181	0.333333
222	221	0.333333
222	222	4
222	223	0.333333
222	263	0.333333
222	2254	-1.33333
222	2256	-1.33333
222	2259	-1.33333
222	2375	-1.33333

223	182	0.333333
223	222	0.333333
223	223	4
223	224	0.333333
223	264	0.333333
223	2257	-1.33333
223	2259	-1.33333
223	2262	-1.33333
223	2378	-1.33333

224	183	0.333333
224	223	0.333333
224	224	4
224	225	0.333333
224	265	0.333333
224	2260	-1.33333
224	2262	-1.33333
224	2265	-1.33333
224	2381	-1.33333

225	184	0.333333
225	224	0.333333
225	225	4
225	226	0.333333
225	266	0.333333
225	2263	-1.33333
225	2265	-1.33333
225	2268	-1.33333
225	2384	-1.33333

226	185	0.333333
226	225	0.333333
226	226	4
226	227	0.333333
226	267	0.333333
226	2266	-1.33333
226	2268	-1.33333
226	2271	-1.33333
226	2387	-1.33333

227	186	0.333333
227	226	0.333333
227	227	4
227	228	0.333333
227	268	0.333333
227	2269	-1.33333
227	2271	-1.33333
227	2274	-1.33333
227	2390	-1.33333

228	187	0.333333
228	227	0.333333
228	228	4
228	229	0.333333
228	269	0.333333
228	2272	-1.33333
228	2274	-1.33333
228	2277	-1.33333
228	2393	-1.33333

229	188	0.333333
229	228	0.333333
229	229	4
229	230	0.333333
229	270	0.333333
229	2275	-1.33333
229	2277	-1.33333
229	2280	-1.33333
229	2396	-1.33333

230	189	0.333333
230	229	0.333333
230	230	4
230	231	0.333333
230	271	0.333333
230	2278	-1.33333
230	2280	-1.33333
230	2283	-1.33333
230	2399	-1.33333

231	190	0.333333
231	230	0.333333
231	231	4
231	232	0.333333
231	272	0.333333
231	2281	-1.33333
231	2283	-1.33333
231	2286	-1.33333
231	2402	-1.33333
